1	5
2	14
3	1
4	4
5	7
6	4
7	11
8	7
9	10
10	11
11	14
12	3
13	18
14	12
15	14
16	15
17	5
18	18
19	3
20	1
21	4
22	12
23	5
24	3
25	19
26	16
27	2
28	1
29	17
30	1
31	16
32	18
33	13
34	10
35	2
36	2
37	14
38	4
39	12
40	17
41	5
42	19
43	1
44	16
45	5
46	15
47	17
48	17
49	5
50	16
51	14
52	18
53	19
54	12
55	6
56	2
57	18
58	5
59	7
60	6
61	1
62	15
63	1
64	12
65	1
66	1
67	15
68	10
69	11
70	18
71	18
72	3
73	11
74	10
75	14
76	10
77	17
78	1
79	1
80	7
81	1
82	3
83	18
84	18
85	15
86	4
87	13
88	15
89	17
90	19
91	8
92	18
93	15
94	17
95	1
96	12
97	17
98	2
99	6
100	10
101	18
102	15
103	18
104	10
105	19
106	10
107	12
108	10
109	4
110	7
111	15
112	1
113	11
114	10
115	15
116	13
117	11
118	14
119	17
120	5
121	12
122	10
123	1
124	13
125	4
126	14
127	17
128	15
129	12
130	5
131	15
132	3
133	11
134	10
135	4
136	10
137	7
138	3
139	1
140	14
141	17
142	6
143	19
144	17
145	18
146	5
147	1
148	5
149	17
150	11
151	14
152	10
153	11
154	4
155	16
156	15
157	3
158	8
159	1
160	18
161	5
162	15
163	11
164	7
165	15
166	2
167	13
168	3
169	5
170	10
171	14
172	16
173	17
174	15
175	11
176	2
177	17
178	14
179	1
180	7
181	18
182	13
183	17
184	15
185	12
186	11
187	4
188	13
189	5
190	19
191	15
192	3
193	3
194	13
195	12
196	7
197	13
198	7
199	5
200	3
201	5
202	10
203	1
204	10
205	12
206	12
207	6
208	15
209	4
210	14
211	8
212	12
213	13
214	1
215	14
216	19
217	8
218	5
219	14
220	5
221	14
222	18
223	13
224	17
225	1
226	1
227	18
228	15
229	15
230	15
231	4
232	5
233	11
234	16
235	14
236	6
237	5
238	5
239	17
240	4
241	1
242	15
243	11
244	7
245	7
246	14
247	8
248	17
249	3
250	8
251	11
252	17
253	5
254	10
255	5
256	10
257	5
258	1
259	5
260	12
261	11
262	3
263	1
264	1
265	5
266	16
267	15
268	15
269	1
270	5
271	12
272	15
273	18
274	19
275	16
276	4
277	4
278	16
279	17
280	17
281	10
282	14
283	11
284	2
285	14
286	12
287	14
288	13
289	3
290	2
291	3
292	14
293	17
294	14
295	1
296	10
297	14
298	18
299	17
300	10
301	4
302	7
303	1
304	1
305	14
306	16
307	16
308	1
309	13
310	5
311	12
312	5
313	16
314	11
315	19
316	11
317	7
318	16
319	7
320	15
321	14
322	4
323	1
324	5
325	2
326	12
327	1
328	3
329	17
330	17
331	4
332	14
333	5
334	18
335	19
336	10
337	17
338	10
339	2
340	3
341	15
342	4
343	17
344	1
345	15
346	8
347	19
348	19
349	14
350	4
351	17
352	14
353	5
354	9
355	5
356	11
357	8
358	1
359	11
360	1
361	5
362	19
363	17
364	8
365	10
366	15
367	2
368	3
369	11
370	4
371	13
372	8
373	17
374	16
375	15
376	5
377	15
378	15
379	19
380	19
381	1
382	1
383	1
384	19
385	15
386	11
387	19
388	6
389	11
390	11
391	1
392	19
393	18
394	2
395	12
396	7
397	9
398	11
399	14
400	1
401	17
402	15
403	12
404	18
405	19
406	14
407	18
408	5
409	9
410	15
411	14
412	19
413	11
414	15
415	15
416	2
417	2
418	18
419	4
420	11
421	8
422	2
423	19
424	13
425	3
426	11
427	11
428	15
429	13
430	8
431	12
432	12
433	3
434	11
435	6
436	14
437	15
438	10
439	16
440	15
441	17
442	8
443	10
444	11
445	14
446	14
447	13
448	11
449	3
450	12
451	18
452	4
453	6
454	15
455	12
456	5
457	12
458	3
459	2
460	15
461	10
462	1
463	17
464	9
465	14
466	1
467	16
468	2
469	4
470	5
471	1
472	16
473	14
474	19
475	17
476	19
477	12
478	18
479	16
480	19
481	15
482	8
483	16
484	15
485	6
486	2
487	1
488	2
489	13
490	17
491	19
492	5
493	4
494	12
495	10
496	14
497	15
498	14
499	1
500	15
501	17
502	3
503	15
504	2
505	7
506	5
507	16
508	3
509	14
510	15
511	2
512	17
513	15
514	8
515	19
516	18
517	17
518	12
519	1
520	3
521	17
522	14
523	1
524	17
525	15
526	3
527	11
528	5
529	16
530	4
531	19
532	12
533	11
534	17
535	14
536	11
537	19
538	5
539	12
540	11
541	16
542	10
543	3
544	9
545	14
546	5
547	11
548	14
549	18
550	12
551	12
552	14
553	17
554	7
555	17
556	11
557	1
558	10
559	19
560	1
561	8
562	10
563	8
564	12
565	3
566	11
567	15
568	14
569	13
570	11
571	19
572	2
573	4
574	19
575	17
576	14
577	11
578	5
579	13
580	10
581	10
582	16
583	2
584	14
585	3
586	12
587	8
588	14
589	16
590	16
591	16
592	13
593	17
594	17
595	10
596	4
597	1
598	3
599	15
600	12
601	15
602	19
603	2
604	18
605	17
606	17
607	2
608	19
609	17
610	19
611	8
612	12
613	1
614	1
615	5
616	19
617	1
618	14
619	12
620	5
621	19
622	8
623	16
624	15
625	6
626	18
627	14
628	3
629	17
630	14
631	15
632	10
633	3
634	7
635	1
636	10
637	17
638	17
639	4
640	14
641	17
642	3
643	18
644	17
645	2
646	7
647	5
648	1
649	10
650	17
651	1
652	15
653	11
654	15
655	2
656	1
657	11
658	5
659	6
660	2
661	2
662	10
663	1
664	2
665	1
666	1
667	7
668	16
669	17
670	6
671	15
672	11
673	17
674	14
675	16
676	4
677	2
678	1
679	2
680	4
681	10
682	7
683	17
684	4
685	12
686	11
687	7
688	14
689	7
690	12
691	10
692	3
693	14
694	10
695	12
696	10
697	4
698	13
699	2
700	17
701	8
702	6
703	5
704	9
705	14
706	1
707	10
708	6
709	10
710	12
711	15
712	1
713	17
714	7
715	11
716	11
717	19
718	15
719	19
720	14
721	5
722	15
723	12
724	6
725	16
726	1
727	7
728	16
729	17
730	6
731	15
732	11
733	1
734	2
735	18
736	2
737	18
738	18
739	10
740	7
741	11
742	11
743	16
744	12
745	4
746	6
747	6
748	17
749	19
750	19
751	11
752	1
753	2
754	18
755	3
756	8
757	15
758	7
759	16
760	11
761	5
762	5
763	14
764	6
765	19
766	14
767	2
768	1
769	17
770	10
771	12
772	13
773	3
774	1
775	15
776	15
777	6
778	15
779	12
780	13
781	18
782	14
783	2
784	17
785	11
786	11
787	18
788	4
789	3
790	6
791	3
792	16
793	9
794	5
795	4
796	10
797	2
798	15
799	14
800	16
801	1
802	9
803	3
804	11
805	18
806	2
807	14
808	11
809	8
810	19
811	12
812	17
813	1
814	11
815	2
816	4
817	18
818	16
819	4
820	2
821	10
822	12
823	1
824	10
825	9
826	17
827	16
828	17
829	3
830	3
831	5
832	14
833	15
834	12
835	17
836	4
837	2
838	14
839	12
840	7
841	15
842	4
843	12
844	15
845	19
846	3
847	16
848	6
849	3
850	2
851	5
852	15
853	11
854	19
855	11
856	8
857	15
858	2
859	15
860	18
861	5
862	14
863	7
864	15
865	5
866	19
867	2
868	13
869	5
870	17
871	12
872	6
873	4
874	4
875	13
876	15
877	2
878	3
879	4
880	6
881	11
882	15
883	5
884	17
885	10
886	3
887	8
888	15
889	15
890	15
891	10
892	1
893	17
894	5
895	8
896	18
897	6
898	9
899	1
900	8
901	18
902	1
903	2
904	3
905	18
906	9
907	18
908	13
909	14
910	18
911	18
912	15
913	14
914	15
915	17
916	9
917	12
918	17
919	15
920	2
921	8
922	5
923	6
924	1
925	3
926	7
927	4
928	5
929	10
930	10
931	17
932	15
933	5
934	11
935	19
936	2
937	4
938	3
939	4
940	2
941	15
942	8
943	4
944	14
945	4
946	15
947	13
948	12
949	11
950	19
951	14
952	19
953	17
954	19
955	14
956	1
957	13
958	8
959	15
960	11
961	15
962	12
963	3
964	7
965	3
966	11
967	1
968	1
969	2
970	2
971	12
972	11
973	6
974	1
975	12
976	9
977	2
978	17
979	2
980	18
981	17
982	16
983	6
984	9
985	6
986	12
987	17
988	15
989	17
990	7
991	1
992	3
993	15
994	14
995	14
996	8
997	2
998	13
999	1
1000	10
1001	10
1002	6
1003	18
1004	1
1005	18
1006	15
1007	18
1008	3
1009	7
1010	3
1011	15
1012	18
1013	3
1014	14
1015	18
1016	4
1017	17
1018	3
1019	2
1020	17
1021	10
1022	10
1023	12
1024	13
1025	8
1026	19
1027	18
1028	10
1029	17
1030	11
1031	15
1032	6
1033	12
1034	17
1035	12
1036	16
1037	13
1038	19
1039	13
1040	12
1041	14
1042	13
1043	17
1044	1
1045	2
1046	17
1047	16
1048	14
1049	17
1050	10
1051	10
1052	17
1053	13
1054	2
1055	11
1056	2
1057	18
1058	11
1059	13
1060	7
1061	5
1062	18
1063	14
1064	10
1065	16
1066	11
1067	13
1068	19
1069	12
1070	17
1071	16
1072	14
1073	11
1074	15
1075	2
1076	19
1077	11
1078	3
1079	8
1080	13
1081	5
1082	10
1083	13
1084	3
1085	15
1086	2
1087	13
1088	15
1089	17
1090	14
1091	8
1092	19
1093	2
1094	8
1095	2
1096	17
1097	2
1098	1
1099	3
1100	12
1101	3
1102	5
1103	2
1104	7
1105	12
1106	6
1107	2
1108	7
1109	1
1110	10
1111	19
1112	13
1113	8
1114	6
1115	1
1116	3
1117	13
1118	19
1119	7
1120	15
1121	14
1122	10
1123	14
1124	10
1125	18
1126	2
1127	3
1128	3
1129	12
1130	2
1131	10
1132	1
1133	13
1134	4
1135	11
1136	9
1137	17
1138	7
1139	5
1140	13
1141	13
1142	3
1143	14
1144	16
1145	16
1146	11
1147	15
1148	5
1149	12
1150	11
1151	14
1152	18
1153	15
1154	11
1155	17
1156	11
1157	7
1158	17
1159	10
1160	18
1161	5
1162	15
1163	14
1164	3
1165	14
1166	19
1167	2
1168	12
1169	13
1170	18
1171	1
1172	16
1173	18
1174	1
1175	7
1176	14
1177	15
1178	3
1179	10
1180	4
1181	5
1182	10
1183	17
1184	14
1185	8
1186	19
1187	3
1188	13
1189	8
1190	10
1191	8
1192	17
1193	11
1194	1
1195	8
1196	3
1197	5
1198	5
1199	14
1200	9
1201	13
1202	5
1203	10
1204	1
1205	2
1206	1
1207	1
1208	12
1209	14
1210	16
1211	11
1212	5
1213	5
1214	17
1215	18
1216	1
1217	1
1218	12
1219	15
1220	16
1221	3
1222	3
1223	1
1224	19
1225	15
1226	2
1227	15
1228	7
1229	3
1230	13
1231	16
1232	9
1233	15
1234	6
1235	2
1236	14
1237	18
1238	8
1239	7
1240	17
1241	2
1242	5
1243	17
1244	11
1245	5
1246	15
1247	19
1248	6
1249	7
1250	10
1251	16
1252	17
1253	12
1254	17
1255	11
1256	5
1257	18
1258	12
1259	7
1260	17
1261	5
1262	10
1263	16
1264	19
1265	8
1266	17
1267	1
1268	8
1269	6
1270	8
1271	3
1272	19
1273	3
1274	1
1275	5
1276	2
1277	15
1278	3
1279	7
1280	6
1281	11
1282	7
1283	13
1284	1
1285	19
1286	1
1287	2
1288	3
1289	4
1290	1
1291	15
1292	2
1293	17
1294	15
1295	18
1296	19
1297	2
1298	7
1299	13
1300	16
1301	6
1302	2
1303	4
1304	14
1305	3
1306	15
1307	18
1308	6
1309	12
1310	6
1311	6
1312	13
1313	2
1314	12
1315	3
1316	14
1317	7
1318	2
1319	19
1320	6
1321	14
1322	12
1323	1
1324	17
1325	12
1326	15
1327	18
1328	12
1329	4
1330	3
1331	4
1332	1
1333	11
1334	3
1335	18
1336	19
1337	10
1338	8
1339	15
1340	10
1341	15
1342	11
1343	10
1344	14
1345	15
1346	5
1347	15
1348	13
1349	5
1350	17
1351	18
1352	5
1353	6
1354	11
1355	3
1356	17
1357	18
1358	16
1359	14
1360	17
1361	4
1362	18
1363	16
1364	4
1365	6
1366	15
1367	17
1368	15
1369	13
1370	3
1371	12
1372	10
1373	10
1374	18
1375	11
1376	18
1377	12
1378	15
1379	7
1380	1
1381	3
1382	2
1383	14
1384	4
1385	4
1386	1
1387	13
1388	17
1389	10
1390	19
1391	1
1392	15
1393	1
1394	15
1395	17
1396	16
1397	17
1398	18
1399	5
1400	10
1401	19
1402	8
1403	3
1404	10
1405	18
1406	10
1407	11
1408	10
1409	16
1410	15
1411	16
1412	5
1413	1
1414	17
1415	17
1416	11
1417	1
1418	18
1419	14
1420	7
1421	17
1422	7
1423	3
1424	14
1425	10
1426	17
1427	14
1428	14
1429	11
1430	15
1431	17
1432	9
1433	5
1434	18
1435	14
1436	1
1437	5
1438	16
1439	19
1440	17
1441	2
1442	10
1443	15
1444	18
1445	11
1446	1
1447	14
1448	8
1449	3
1450	10
1451	15
1452	2
1453	18
1454	4
1455	13
1456	13
1457	14
1458	2
1459	1
1460	18
1461	4
1462	7
1463	1
1464	3
1465	15
1466	1
1467	14
1468	1
1469	6
1470	19
1471	18
1472	17
1473	14
1474	2
1475	1
1476	15
1477	15
1478	15
1479	14
1480	16
1481	19
1482	9
1483	18
1484	11
1485	14
1486	9
1487	18
1488	7
1489	10
1490	6
1491	8
1492	10
1493	3
1494	1
1495	3
1496	1
1497	7
1498	11
1499	6
1500	14
1501	3
1502	18
1503	7
1504	10
1505	19
1506	13
1507	10
1508	14
1509	18
1510	7
1511	13
1512	4
1513	10
1514	16
1515	10
1516	13
1517	18
1518	3
1519	13
1520	10
1521	14
1522	3
1523	4
1524	2
1525	12
1526	1
1527	13
1528	3
1529	17
1530	13
1531	14
1532	19
1533	10
1534	10
1535	10
1536	12
1537	15
1538	10
1539	19
1540	13
1541	3
1542	10
1543	6
1544	18
1545	14
1546	18
1547	15
1548	8
1549	17
1550	2
1551	2
1552	17
1553	15
1554	6
1555	14
1556	12
1557	14
1558	1
1559	17
1560	11
1561	9
1562	15
1563	15
1564	5
1565	1
1566	10
1567	15
1568	6
1569	17
1570	1
1571	7
1572	19
1573	14
1574	17
1575	8
1576	5
1577	11
1578	17
1579	14
1580	17
1581	3
1582	7
1583	2
1584	16
1585	11
1586	12
1587	12
1588	18
1589	3
1590	11
1591	19
1592	15
1593	1
1594	14
1595	7
1596	19
1597	17
1598	18
1599	17
1600	19
1601	17
1602	3
1603	17
1604	13
1605	10
1606	10
1607	15
1608	12
1609	13
1610	12
1611	5
1612	18
1613	16
1614	2
1615	9
1616	2
1617	19
1618	14
1619	16
1620	4
1621	16
1622	10
1623	10
1624	1
1625	17
1626	1
1627	19
1628	11
1629	19
1630	13
1631	16
1632	14
1633	16
1634	1
1635	4
1636	2
1637	15
1638	1
1639	1
1640	1
1641	7
1642	4
1643	2
1644	10
1645	15
1646	7
1647	10
1648	11
1649	3
1650	11
1651	14
1652	18
1653	4
1654	15
1655	1
1656	8
1657	15
1658	11
1659	2
1660	14
1661	15
1662	8
1663	15
1664	13
1665	15
1666	8
1667	14
1668	15
1669	2
1670	3
1671	10
1672	7
1673	17
1674	4
1675	15
1676	1
1677	11
1678	6
1679	15
1680	6
1681	11
1682	17
1683	11
1684	7
1685	18
1686	18
1687	17
1688	12
1689	4
1690	12
1691	1
1692	15
1693	10
1694	3
1695	14
1696	2
1697	12
1698	11
1699	16
1700	17
1701	3
1702	14
1703	17
1704	17
1705	13
1706	19
1707	16
1708	15
1709	5
1710	19
1711	10
1712	5
1713	7
1714	7
1715	12
1716	12
1717	7
1718	6
1719	12
1720	7
1721	15
1722	15
1723	3
1724	2
1725	3
1726	15
1727	2
1728	3
1729	6
1730	19
1731	15
1732	11
1733	10
1734	1
1735	3
1736	13
1737	10
1738	2
1739	11
1740	18
1741	5
1742	17
1743	12
1744	19
1745	19
1746	17
1747	3
1748	11
1749	5
1750	11
1751	1
1752	16
1753	17
1754	5
1755	15
1756	15
1757	10
1758	5
1759	18
1760	10
1761	2
1762	16
1763	11
1764	19
1765	11
1766	12
1767	2
1768	17
1769	17
1770	14
1771	19
1772	7
1773	15
1774	15
1775	17
1776	17
1777	18
1778	15
1779	11
1780	7
1781	7
1782	10
1783	15
1784	2
1785	10
1786	18
1787	17
1788	2
1789	12
1790	5
1791	6
1792	11
1793	10
1794	6
1795	14
1796	14
1797	2
1798	19
1799	11
1800	4
1801	11
1802	17
1803	18
1804	1
1805	15
1806	5
1807	16
1808	16
1809	12
1810	10
1811	11
1812	1
1813	7
1814	3
1815	7
1816	1
1817	17
1818	3
1819	16
1820	16
1821	5
1822	13
1823	14
1824	17
1825	13
1826	6
1827	18
1828	4
1829	17
1830	3
1831	1
1832	15
1833	17
1834	15
1835	2
1836	2
1837	18
1838	17
1839	12
1840	6
1841	17
1842	12
1843	15
1844	7
1845	16
1846	19
1847	19
1848	10
1849	19
1850	17
1851	7
1852	6
1853	11
1854	2
1855	4
1856	17
1857	4
1858	19
1859	4
1860	5
1861	2
1862	11
1863	18
1864	14
1865	3
1866	9
1867	6
1868	19
1869	1
1870	16
1871	4
1872	7
1873	11
1874	15
1875	14
1876	8
1877	17
1878	3
1879	6
1880	15
1881	15
1882	10
1883	6
1884	15
1885	19
1886	15
1887	2
1888	11
1889	11
1890	15
1891	3
1892	13
1893	11
1894	10
1895	11
1896	7
1897	16
1898	1
1899	14
1900	19
1901	17
1902	16
1903	10
1904	14
1905	15
1906	14
1907	5
1908	13
1909	19
1910	2
1911	17
1912	15
1913	16
1914	17
1915	2
1916	7
1917	10
1918	9
1919	6
1920	11
1921	1
1922	6
1923	4
1924	7
1925	18
1926	15
1927	6
1928	17
1929	4
1930	3
1931	12
1932	3
1933	14
1934	17
1935	10
1936	16
1937	7
1938	3
1939	19
1940	1
1941	9
1942	9
1943	19
1944	7
1945	18
1946	16
1947	7
1948	18
1949	8
1950	17
1951	13
1952	10
1953	2
1954	5
1955	16
1956	1
1957	5
1958	4
1959	9
1960	17
1961	4
1962	16
1963	7
1964	18
1965	17
1966	5
1967	1
1968	16
1969	17
1970	11
1971	11
1972	5
1973	11
1974	11
1975	3
1976	15
1977	12
1978	17
1979	18
1980	15
1981	11
1982	16
1983	3
1984	10
1985	5
1986	1
1987	4
1988	3
1989	6
1990	10
1991	4
1992	1
1993	5
1994	4
1995	11
1996	4
1997	11
1998	17
1999	2
2000	5
2001	14
2002	19
2003	19
2004	13
2005	18
2006	15
2007	7
2008	1
2009	7
2010	5
2011	13
2012	19
2013	2
2014	14
2015	5
2016	1
2017	12
2018	2
2019	16
2020	12
2021	17
2022	7
2023	10
2024	5
2025	10
2026	19
2027	19
2028	14
2029	5
2030	5
2031	1
2032	18
2033	6
2034	3
2035	18
2036	3
2037	5
2038	2
2039	8
2040	12
2041	18
2042	10
2043	19
2044	19
2045	5
2046	13
2047	15
2048	1
2049	10
2050	1
2051	10
2052	15
2053	1
2054	17
2055	19
2056	10
2057	13
2058	4
2059	2
2060	19
2061	12
2062	1
2063	5
2064	10
2065	3
2066	17
2067	19
2068	12
2069	17
2070	1
2071	17
2072	14
2073	1
2074	11
2075	3
2076	5
2077	1
2078	5
2079	5
2080	13
2081	5
2082	3
2083	12
2084	12
2085	1
2086	5
2087	14
2088	10
2089	19
2090	14
2091	15
2092	13
2093	19
2094	17
2095	17
2096	19
2097	17
2098	13
2099	1
2100	18
2101	6
2102	19
2103	7
2104	17
2105	10
2106	15
2107	7
2108	15
2109	1
2110	11
2111	5
2112	6
2113	12
2114	19
2115	11
2116	2
2117	18
2118	2
2119	5
2120	16
2121	2
2122	19
2123	18
2124	1
2125	10
2126	13
2127	2
2128	13
2129	13
2130	14
2131	2
2132	7
2133	15
2134	13
2135	14
2136	16
2137	5
2138	5
2139	14
2140	8
2141	17
2142	7
2143	10
2144	5
2145	10
2146	4
2147	10
2148	4
2149	1
2150	14
2151	17
2152	5
2153	2
2154	17
2155	5
2156	7
2157	3
2158	8
2159	2
2160	11
2161	2
2162	12
2163	7
2164	11
2165	10
2166	15
2167	16
2168	2
2169	12
2170	17
2171	5
2172	17
2173	16
2174	17
2175	11
2176	2
2177	14
2178	15
2179	4
2180	11
2181	19
2182	6
2183	9
2184	14
2185	10
2186	4
2187	14
2188	6
2189	2
2190	12
2191	6
2192	18
2193	18
2194	10
2195	5
2196	15
2197	5
2198	11
2199	3
2200	6
2201	1
2202	10
2203	14
2204	8
2205	7
2206	10
2207	18
2208	4
2209	3
2210	1
2211	1
2212	10
2213	1
2214	16
2215	12
2216	10
2217	7
2218	10
2219	6
2220	11
2221	17
2222	15
2223	3
2224	2
2225	3
2226	15
2227	9
2228	15
2229	3
2230	15
2231	5
2232	1
2233	16
2234	17
2235	15
2236	5
2237	6
2238	15
2239	5
2240	10
2241	5
2242	16
2243	11
2244	19
2245	3
2246	18
2247	15
2248	2
2249	12
2250	14
2251	14
2252	16
2253	3
2254	7
2255	6
2256	14
2257	13
2258	17
2259	17
2260	18
2261	2
2262	15
2263	14
2264	19
2265	2
2266	15
2267	1
2268	11
2269	12
2270	9
2271	4
2272	2
2273	1
2274	17
2275	2
2276	14
2277	10
2278	10
2279	1
2280	1
2281	4
2282	15
2283	12
2284	16
2285	14
2286	11
2287	18
2288	13
2289	1
2290	19
2291	3
2292	2
2293	11
2294	17
2295	7
2296	14
2297	2
2298	11
2299	17
2300	16
2301	14
2302	16
2303	5
2304	15
2305	10
2306	18
2307	2
2308	14
2309	13
2310	11
2311	17
2312	16
2313	4
2314	6
2315	3
2316	10
2317	14
2318	19
2319	13
2320	11
2321	1
2322	17
2323	11
2324	5
2325	17
2326	17
2327	17
2328	11
2329	12
2330	11
2331	17
2332	16
2333	11
2334	10
2335	10
2336	13
2337	15
2338	16
2339	14
2340	13
2341	4
2342	10
2343	3
2344	4
2345	4
2346	18
2347	14
2348	14
2349	11
2350	3
2351	6
2352	5
2353	7
2354	14
2355	19
2356	17
2357	4
2358	13
2359	14
2360	1
2361	12
2362	18
2363	8
2364	14
2365	3
2366	3
2367	7
2368	5
2369	17
2370	15
2371	18
2372	2
2373	19
2374	1
2375	1
2376	3
2377	1
2378	16
2379	11
2380	1
2381	15
2382	16
2383	15
2384	17
2385	8
2386	4
2387	13
2388	14
2389	2
2390	13
2391	10
2392	19
2393	6
2394	17
2395	15
2396	6
2397	1
2398	7
2399	16
2400	17
2401	18
2402	18
2403	17
2404	11
2405	17
2406	5
2407	12
2408	15
2409	18
2410	17
2411	5
2412	2
2413	2
2414	3
2415	15
2416	2
2417	1
2418	15
2419	1
2420	19
2421	13
2422	18
2423	1
2424	15
2425	1
2426	1
2427	15
2428	2
2429	14
2430	3
2431	1
2432	5
2433	18
2434	4
2435	14
2436	2
2437	3
2438	6
2439	6
2440	3
2441	6
2442	5
2443	17
2444	17
2445	13
2446	14
2447	15
2448	17
2449	17
2450	19
2451	10
2452	1
2453	19
2454	9
2455	15
2456	12
2457	3
2458	13
2459	7
2460	10
2461	4
2462	19
2463	3
2464	16
2465	17
2466	15
2467	1
2468	3
2469	11
2470	3
2471	10
2472	2
2473	4
2474	12
2475	7
2476	11
2477	12
2478	3
2479	15
2480	12
2481	6
2482	2
2483	19
2484	2
2485	14
2486	19
2487	13
2488	15
2489	19
2490	19
2491	18
2492	14
2493	2
2494	6
2495	1
2496	1
2497	10
2498	17
2499	19
2500	19
2501	17
2502	2
2503	10
2504	19
2505	2
2506	3
2507	10
2508	11
2509	10
2510	17
2511	19
2512	4
2513	2
2514	2
2515	5
2516	14
2517	14
2518	15
2519	19
2520	15
2521	7
2522	10
2523	15
2524	14
2525	7
2526	3
2527	3
2528	15
2529	1
2530	8
2531	5
2532	13
2533	3
2534	19
2535	1
2536	3
2537	1
2538	1
2539	18
2540	4
2541	2
2542	7
2543	10
2544	17
2545	2
2546	2
2547	15
2548	8
2549	4
2550	19
2551	19
2552	15
2553	11
2554	11
2555	15
2556	19
2557	5
2558	18
2559	12
2560	18
2561	19
2562	14
2563	5
2564	1
2565	4
2566	18
2567	2
2568	19
2569	12
2570	16
2571	14
2572	2
2573	17
2574	15
2575	17
2576	11
2577	2
2578	19
2579	2
2580	14
2581	17
2582	8
2583	17
2584	10
2585	10
2586	9
2587	5
2588	14
2589	3
2590	10
2591	3
2592	16
2593	9
2594	3
2595	12
2596	15
2597	15
2598	3
2599	14
2600	5
2601	14
2602	5
2603	19
2604	3
2605	10
2606	1
2607	7
2608	7
2609	19
2610	15
2611	2
2612	3
2613	10
2614	18
2615	13
2616	2
2617	14
2618	16
2619	15
2620	10
2621	19
2622	13
2623	11
2624	18
2625	1
2626	2
2627	18
2628	12
2629	14
2630	12
2631	18
2632	1
2633	2
2634	8
2635	10
2636	1
2637	17
2638	12
2639	1
2640	1
2641	1
2642	6
2643	1
2644	3
2645	3
2646	15
2647	17
2648	11
2649	14
2650	10
2651	13
2652	15
2653	7
2654	8
2655	4
2656	19
2657	15
2658	1
2659	14
2660	2
2661	1
2662	17
2663	10
2664	15
2665	14
2666	17
2667	1
2668	17
2669	10
2670	13
2671	8
2672	6
2673	12
2674	16
2675	19
2676	5
2677	6
2678	10
2679	4
2680	17
2681	13
2682	16
2683	17
2684	14
2685	17
2686	3
2687	19
2688	3
2689	17
2690	12
2691	19
2692	3
2693	17
2694	2
2695	1
2696	6
2697	14
2698	10
2699	7
2700	15
2701	5
2702	12
2703	3
2704	2
2705	18
2706	3
2707	19
2708	15
2709	11
2710	6
2711	10
2712	10
2713	17
2714	15
2715	19
2716	10
2717	6
2718	19
2719	1
2720	11
2721	4
2722	10
2723	12
2724	19
2725	6
2726	10
2727	15
2728	15
2729	2
2730	15
2731	19
2732	8
2733	6
2734	15
2735	7
2736	18
2737	15
2738	5
2739	13
2740	6
2741	17
2742	10
2743	5
2744	17
2745	7
2746	11
2747	8
2748	3
2749	19
2750	18
2751	13
2752	17
2753	1
2754	7
2755	5
2756	15
2757	4
2758	17
2759	11
2760	17
2761	10
2762	14
2763	2
2764	5
2765	5
2766	15
2767	11
2768	13
2769	6
2770	5
2771	14
2772	11
2773	5
2774	8
2775	18
2776	10
2777	15
2778	16
2779	15
2780	17
2781	7
2782	19
2783	10
2784	11
2785	17
2786	5
2787	3
2788	13
2789	5
2790	18
2791	7
2792	1
2793	1
2794	17
2795	15
2796	7
2797	17
2798	17
2799	5
2800	12
2801	2
2802	17
2803	17
2804	13
2805	1
2806	8
2807	14
2808	2
2809	15
2810	14
2811	2
2812	14
2813	17
2814	3
2815	18
2816	16
2817	17
2818	13
2819	1
2820	14
2821	13
2822	17
2823	18
2824	12
2825	17
2826	2
2827	19
2828	3
2829	7
2830	13
2831	15
2832	14
2833	8
2834	16
2835	5
2836	17
2837	13
2838	1
2839	11
2840	1
2841	7
2842	15
2843	16
2844	15
2845	6
2846	15
2847	2
2848	3
2849	12
2850	10
2851	4
2852	13
2853	15
2854	8
2855	15
2856	11
2857	2
2858	15
2859	17
2860	16
2861	13
2862	17
2863	16
2864	11
2865	15
2866	14
2867	4
2868	15
2869	15
2870	17
2871	1
2872	19
2873	18
2874	13
2875	1
2876	11
2877	16
2878	18
2879	5
2880	8
2881	14
2882	15
2883	16
2884	12
2885	13
2886	2
2887	6
2888	1
2889	11
2890	15
2891	1
2892	11
2893	11
2894	5
2895	10
2896	11
2897	13
2898	16
2899	2
2900	3
2901	14
2902	8
2903	11
2904	12
2905	7
2906	10
2907	3
2908	15
2909	15
2910	4
2911	6
2912	17
2913	10
2914	3
2915	3
2916	3
2917	19
2918	18
2919	19
2920	14
2921	1
2922	11
2923	2
2924	6
2925	1
2926	15
2927	2
2928	18
2929	19
2930	10
2931	2
2932	1
2933	5
2934	2
2935	17
2936	7
2937	18
2938	5
2939	10
2940	5
2941	11
2942	10
2943	11
2944	10
2945	11
2946	5
2947	15
2948	17
2949	12
2950	2
2951	17
2952	12
2953	6
2954	18
2955	17
2956	15
2957	19
2958	1
2959	15
2960	5
2961	4
2962	14
2963	5
2964	7
2965	18
2966	3
2967	2
2968	14
2969	15
2970	15
2971	19
2972	11
2973	19
2974	8
2975	14
2976	8
2977	17
2978	7
2979	12
2980	8
2981	7
2982	14
2983	3
2984	17
2985	16
2986	17
2987	17
2988	6
2989	13
2990	19
2991	14
2992	17
2993	18
2994	11
2995	15
2996	13
2997	19
2998	18
2999	2
3000	9
3001	15
3002	19
3003	14
3004	14
3005	18
3006	19
3007	6
3008	5
3009	10
3010	10
3011	2
3012	11
3013	15
3014	13
3015	11
3016	5
3017	1
3018	6
3019	5
3020	14
3021	2
3022	16
3023	6
3024	2
3025	14
3026	7
3027	18
3028	8
3029	14
3030	17
3031	5
3032	3
3033	12
3034	1
3035	1
3036	15
3037	12
3038	13
3039	17
3040	19
3041	6
3042	13
3043	3
3044	15
3045	1
3046	11
3047	16
3048	13
3049	15
3050	6
3051	11
3052	5
3053	17
3054	4
3055	17
3056	7
3057	11
3058	15
3059	1
3060	13
3061	3
3062	19
3063	19
3064	13
3065	18
3066	3
3067	11
3068	10
3069	5
3070	19
3071	19
3072	17
3073	5
3074	11
3075	7
3076	4
3077	19
3078	15
3079	18
3080	6
3081	1
3082	18
3083	3
3084	13
3085	14
3086	17
3087	14
3088	7
3089	16
3090	3
3091	19
3092	10
3093	6
3094	8
3095	7
3096	19
3097	2
3098	3
3099	14
3100	2
3101	12
3102	14
3103	3
3104	7
3105	18
3106	5
3107	19
3108	11
3109	6
3110	15
3111	13
3112	3
3113	12
3114	14
3115	6
3116	12
3117	13
3118	5
3119	3
3120	15
3121	10
3122	15
3123	8
3124	10
3125	15
3126	2
3127	17
3128	17
3129	3
3130	4
3131	5
3132	14
3133	7
3134	17
3135	14
3136	2
3137	19
3138	15
3139	2
3140	16
3141	8
3142	17
3143	12
3144	14
3145	15
3146	18
3147	10
3148	8
3149	13
3150	1
3151	10
3152	1
3153	6
3154	18
3155	5
3156	19
3157	14
3158	1
3159	17
3160	14
3161	19
3162	14
3163	3
3164	7
3165	7
3166	16
3167	17
3168	14
3169	15
3170	1
3171	13
3172	10
3173	11
3174	7
3175	17
3176	2
3177	3
3178	15
3179	5
3180	19
3181	11
3182	11
3183	3
3184	17
3185	1
3186	18
3187	1
3188	18
3189	8
3190	11
3191	18
3192	7
3193	5
3194	1
3195	5
3196	7
3197	16
3198	3
3199	14
3200	15
3201	8
3202	17
3203	13
3204	6
3205	1
3206	19
3207	18
3208	16
3209	4
3210	10
3211	14
3212	1
3213	2
3214	11
3215	8
3216	5
3217	15
3218	1
3219	19
3220	16
3221	1
3222	15
3223	15
3224	5
3225	11
3226	2
3227	12
3228	19
3229	2
3230	12
3231	5
3232	2
3233	13
3234	1
3235	8
3236	2
3237	15
3238	15
3239	12
3240	19
3241	15
3242	5
3243	16
3244	10
3245	19
3246	2
3247	17
3248	14
3249	11
3250	3
3251	13
3252	7
3253	17
3254	19
3255	8
3256	19
3257	17
3258	18
3259	6
3260	2
3261	5
3262	13
3263	1
3264	19
3265	1
3266	7
3267	12
3268	14
3269	16
3270	4
3271	4
3272	11
3273	19
3274	19
3275	4
3276	15
3277	12
3278	1
3279	19
3280	18
3281	15
3282	2
3283	1
3284	7
3285	6
3286	3
3287	19
3288	17
3289	15
3290	4
3291	15
3292	4
3293	4
3294	12
3295	1
3296	11
3297	1
3298	10
3299	10
3300	11
3301	17
3302	11
3303	18
3304	14
3305	15
3306	14
3307	7
3308	17
3309	9
3310	16
3311	7
3312	1
3313	18
3314	17
3315	18
3316	9
3317	2
3318	5
3319	14
3320	12
3321	14
3322	10
3323	15
3324	18
3325	1
3326	17
3327	19
3328	3
3329	14
3330	17
3331	17
3332	1
3333	2
3334	17
3335	1
3336	1
3337	2
3338	18
3339	2
3340	14
3341	11
3342	17
3343	18
3344	17
3345	18
3346	15
3347	1
3348	12
3349	3
3350	4
3351	10
3352	7
3353	3
3354	15
3355	12
3356	18
3357	18
3358	17
3359	5
3360	1
3361	17
3362	6
3363	17
3364	3
3365	14
3366	1
3367	18
3368	5
3369	5
3370	3
3371	19
3372	4
3373	3
3374	12
3375	5
3376	7
3377	17
3378	5
3379	10
3380	18
3381	15
3382	15
3383	6
3384	8
3385	9
3386	12
3387	18
3388	3
3389	13
3390	5
3391	14
3392	14
3393	1
3394	7
3395	18
3396	15
3397	16
3398	12
3399	2
3400	2
3401	15
3402	8
3403	11
3404	2
3405	3
3406	8
3407	2
3408	5
3409	16
3410	5
3411	2
3412	1
3413	16
3414	5
3415	5
3416	10
3417	12
3418	11
3419	12
3420	16
3421	14
3422	3
3423	19
3424	14
3425	8
3426	19
3427	12
3428	7
3429	10
3430	14
3431	4
3432	18
3433	5
3434	14
3435	4
3436	14
3437	18
3438	17
3439	5
3440	12
3441	3
3442	13
3443	11
3444	1
3445	2
3446	17
3447	16
3448	17
3449	14
3450	19
3451	18
3452	17
3453	7
3454	10
3455	19
3456	4
3457	13
3458	11
3459	7
3460	18
3461	14
3462	1
3463	1
3464	2
3465	15
3466	5
3467	7
3468	6
3469	14
3470	2
3471	8
3472	15
3473	16
3474	17
3475	18
3476	1
3477	11
3478	5
3479	19
3480	15
3481	17
3482	3
3483	15
3484	11
3485	10
3486	15
3487	11
3488	6
3489	15
3490	12
3491	15
3492	12
3493	13
3494	14
3495	11
3496	13
3497	4
3498	12
3499	14
3500	11
3501	19
3502	5
3503	15
3504	2
3505	4
3506	8
3507	19
3508	11
3509	2
3510	3
3511	18
3512	14
3513	5
3514	5
3515	13
3516	1
3517	16
3518	17
3519	7
3520	11
3521	18
3522	5
3523	16
3524	17
3525	2
3526	9
3527	12
3528	4
3529	18
3530	17
3531	17
3532	12
3533	17
3534	18
3535	11
3536	15
3537	18
3538	1
3539	17
3540	8
3541	3
3542	17
3543	3
3544	1
3545	3
3546	14
3547	18
3548	17
3549	11
3550	2
3551	17
3552	2
3553	7
3554	4
3555	13
3556	4
3557	14
3558	12
3559	12
3560	14
3561	5
3562	15
3563	18
3564	13
3565	2
3566	16
3567	16
3568	11
3569	16
3570	1
3571	5
3572	17
3573	7
3574	4
3575	14
3576	14
3577	11
3578	13
3579	7
3580	5
3581	2
3582	11
3583	18
3584	12
3585	7
3586	19
3587	2
3588	15
3589	2
3590	11
3591	14
3592	16
3593	7
3594	9
3595	15
3596	12
3597	11
3598	11
3599	15
3600	18
3601	19
3602	16
3603	10
3604	19
3605	12
3606	7
3607	14
3608	5
3609	18
3610	3
3611	10
3612	6
3613	1
3614	17
3615	2
3616	3
3617	4
3618	14
3619	14
3620	3
3621	18
3622	18
3623	14
3624	3
3625	12
3626	18
3627	3
3628	18
3629	18
3630	19
3631	19
3632	7
3633	8
3634	12
3635	8
3636	19
3637	6
3638	3
3639	19
3640	19
3641	17
3642	1
3643	1
3644	12
3645	19
3646	17
3647	11
3648	18
3649	15
3650	10
3651	10
3652	17
3653	18
3654	11
3655	8
3656	19
3657	11
3658	16
3659	2
3660	14
3661	2
3662	5
3663	12
3664	5
3665	17
3666	14
3667	10
3668	16
3669	17
3670	6
3671	8
3672	2
3673	17
3674	16
3675	18
3676	9
3677	6
3678	18
3679	3
3680	15
3681	19
3682	8
3683	13
3684	5
3685	6
3686	17
3687	18
3688	19
3689	5
3690	10
3691	2
3692	15
3693	5
3694	14
3695	18
3696	16
3697	15
3698	2
3699	12
3700	12
3701	5
3702	11
3703	19
3704	15
3705	13
3706	17
3707	10
3708	4
3709	15
3710	1
3711	1
3712	13
3713	17
3714	17
3715	5
3716	5
3717	15
3718	6
3719	14
3720	17
3721	4
3722	13
3723	8
3724	13
3725	16
3726	12
3727	2
3728	19
3729	1
3730	2
3731	7
3732	14
3733	18
3734	17
3735	12
3736	12
3737	14
3738	1
3739	19
3740	12
3741	3
3742	17
3743	19
3744	18
3745	6
3746	10
3747	6
3748	12
3749	11
3750	15
3751	15
3752	4
3753	1
3754	7
3755	2
3756	14
3757	17
3758	13
3759	17
3760	12
3761	5
3762	10
3763	10
3764	10
3765	12
3766	5
3767	19
3768	14
3769	15
3770	17
3771	2
3772	1
3773	12
3774	14
3775	7
3776	5
3777	10
3778	16
3779	14
3780	14
3781	14
3782	15
3783	6
3784	14
3785	6
3786	12
3787	17
3788	17
3789	10
3790	15
3791	1
3792	17
3793	3
3794	18
3795	15
3796	15
3797	17
3798	5
3799	4
3800	5
3801	10
3802	10
3803	8
3804	2
3805	19
3806	18
3807	12
3808	15
3809	7
3810	4
3811	2
3812	19
3813	15
3814	5
3815	15
3816	14
3817	2
3818	15
3819	12
3820	17
3821	19
3822	7
3823	18
3824	8
3825	12
3826	1
3827	12
3828	6
3829	1
3830	1
3831	18
3832	8
3833	17
3834	1
3835	12
3836	11
3837	15
3838	5
3839	7
3840	19
3841	14
3842	7
3843	15
3844	6
3845	14
3846	14
3847	19
3848	2
3849	10
3850	17
3851	14
3852	2
3853	17
3854	2
3855	16
3856	6
3857	1
3858	14
3859	9
3860	11
3861	14
3862	18
3863	8
3864	14
3865	19
3866	4
3867	19
3868	18
3869	1
3870	9
3871	15
3872	17
3873	11
3874	1
3875	15
3876	12
3877	7
3878	3
3879	19
3880	1
3881	5
3882	9
3883	2
3884	1
3885	14
3886	10
3887	19
3888	12
3889	1
3890	5
3891	16
3892	15
3893	2
3894	13
3895	15
3896	5
3897	2
3898	12
3899	15
3900	13
3901	2
3902	18
3903	15
3904	18
3905	12
3906	14
3907	14
3908	3
3909	6
3910	6
3911	6
3912	15
3913	17
3914	6
3915	10
3916	19
3917	8
3918	1
3919	11
3920	10
3921	14
3922	8
3923	9
3924	4
3925	4
3926	19
3927	13
3928	17
3929	11
3930	7
3931	2
3932	10
3933	12
3934	12
3935	17
3936	11
3937	10
3938	18
3939	18
3940	14
3941	5
3942	1
3943	15
3944	1
3945	10
3946	19
3947	15
3948	1
3949	10
3950	14
3951	12
3952	11
3953	2
3954	14
3955	18
3956	14
3957	19
3958	17
3959	4
3960	12
3961	1
3962	1
3963	10
3964	17
3965	15
3966	5
3967	10
3968	6
3969	10
3970	15
3971	19
3972	15
3973	15
3974	12
3975	15
3976	2
3977	7
3978	16
3979	15
3980	11
3981	14
3982	13
3983	15
3984	16
3985	5
3986	11
3987	15
3988	2
3989	17
3990	3
3991	12
3992	15
3993	3
3994	2
3995	18
3996	17
3997	1
3998	8
3999	12
4000	7
4001	16
4002	13
4003	17
4004	1
4005	18
4006	5
4007	1
4008	16
4009	17
4010	10
4011	15
4012	18
4013	5
4014	17
4015	10
4016	5
4017	9
4018	2
4019	14
4020	6
4021	18
4022	17
4023	12
4024	18
4025	6
4026	19
4027	10
4028	7
4029	3
4030	7
4031	1
4032	1
4033	16
4034	2
4035	5
4036	2
4037	3
4038	17
4039	18
4040	15
4041	6
4042	15
4043	10
4044	6
4045	14
4046	1
4047	4
4048	14
4049	16
4050	6
4051	19
4052	17
4053	18
4054	4
4055	11
4056	5
4057	6
4058	5
4059	14
4060	1
4061	13
4062	1
4063	4
4064	7
4065	19
4066	11
4067	13
4068	5
4069	15
4070	19
4071	1
4072	18
4073	19
4074	14
4075	7
4076	18
4077	1
4078	15
4079	1
4080	13
4081	17
4082	14
4083	11
4084	17
4085	7
4086	1
4087	9
4088	11
4089	15
4090	3
4091	12
4092	14
4093	5
4094	2
4095	15
4096	1
4097	4
4098	3
4099	15
4100	13
4101	19
4102	1
4103	7
4104	18
4105	14
4106	15
4107	8
4108	17
4109	2
4110	19
4111	11
4112	3
4113	19
4114	12
4115	10
4116	3
4117	17
4118	1
4119	3
4120	18
4121	16
4122	10
4123	2
4124	10
4125	14
4126	19
4127	11
4128	13
4129	5
4130	18
4131	14
4132	2
4133	2
4134	13
4135	2
4136	15
4137	14
4138	10
4139	3
4140	19
4141	8
4142	1
4143	11
4144	12
4145	2
4146	5
4147	18
4148	15
4149	11
4150	1
4151	15
4152	14
4153	8
4154	19
4155	18
4156	10
4157	1
4158	19
4159	12
4160	5
4161	10
4162	15
4163	4
4164	2
4165	8
4166	17
4167	15
4168	16
4169	17
4170	1
4171	15
4172	4
4173	7
4174	18
4175	1
4176	8
4177	5
4178	2
4179	1
4180	8
4181	12
4182	19
4183	1
4184	2
4185	5
4186	17
4187	19
4188	13
4189	15
4190	12
4191	4
4192	19
4193	14
4194	3
4195	18
4196	1
4197	12
4198	17
4199	2
4200	1
4201	14
4202	5
4203	15
4204	19
4205	3
4206	17
4207	4
4208	15
4209	19
4210	14
4211	1
4212	11
4213	10
4214	14
4215	11
4216	3
4217	4
4218	5
4219	15
4220	7
4221	7
4222	18
4223	16
4224	11
4225	1
4226	18
4227	7
4228	2
4229	10
4230	12
4231	19
4232	10
4233	17
4234	15
4235	6
4236	12
4237	4
4238	16
4239	6
4240	16
4241	18
4242	12
4243	18
4244	12
4245	18
4246	13
4247	11
4248	9
4249	15
4250	12
4251	15
4252	4
4253	17
4254	15
4255	12
4256	16
4257	19
4258	3
4259	12
4260	10
4261	8
4262	15
4263	16
4264	17
4265	4
4266	18
4267	8
4268	11
4269	18
4270	19
4271	2
4272	5
4273	10
4274	3
4275	13
4276	3
4277	14
4278	3
4279	8
4280	8
4281	3
4282	14
4283	12
4284	15
4285	1
4286	14
4287	19
4288	19
4289	19
4290	9
4291	10
4292	15
4293	3
4294	2
4295	13
4296	1
4297	2
4298	5
4299	3
4300	15
4301	1
4302	17
4303	10
4304	12
4305	1
4306	17
4307	14
4308	10
4309	15
4310	16
4311	3
4312	5
4313	10
4314	11
4315	10
4316	13
4317	12
4318	18
4319	17
4320	6
4321	12
4322	19
4323	17
4324	13
4325	11
4326	8
4327	7
4328	10
4329	15
4330	14
4331	8
4332	14
4333	16
4334	7
4335	17
4336	3
4337	8
4338	11
4339	10
4340	5
4341	16
4342	1
4343	15
4344	18
4345	17
4346	15
4347	19
4348	14
4349	8
4350	6
4351	11
4352	18
4353	1
4354	19
4355	11
4356	17
4357	11
4358	14
4359	17
4360	7
4361	14
4362	18
4363	14
4364	5
4365	14
4366	13
4367	15
4368	13
4369	2
4370	15
4371	1
4372	1
4373	7
4374	1
4375	5
4376	6
4377	14
4378	6
4379	11
4380	9
4381	2
4382	10
4383	15
4384	1
4385	13
4386	1
4387	14
4388	14
4389	15
4390	4
4391	2
4392	8
4393	3
4394	7
4395	6
4396	18
4397	17
4398	11
4399	17
4400	19
4401	16
4402	18
4403	16
4404	19
4405	5
4406	17
4407	13
4408	15
4409	3
4410	15
4411	14
4412	3
4413	1
4414	13
4415	2
4416	15
4417	10
4418	14
4419	14
4420	18
4421	17
4422	5
4423	19
4424	11
4425	16
4426	8
4427	18
4428	16
4429	12
4430	14
4431	16
4432	9
4433	2
4434	3
4435	7
4436	5
4437	15
4438	17
4439	8
4440	12
4441	12
4442	5
4443	5
4444	19
4445	7
4446	13
4447	9
4448	2
4449	2
4450	10
4451	1
4452	7
4453	10
4454	17
4455	15
4456	3
4457	13
4458	19
4459	5
4460	11
4461	13
4462	7
4463	4
4464	14
4465	6
4466	19
4467	15
4468	17
4469	5
4470	1
4471	1
4472	2
4473	1
4474	7
4475	17
4476	18
4477	15
4478	5
4479	14
4480	9
4481	10
4482	5
4483	9
4484	2
4485	1
4486	2
4487	2
4488	14
4489	6
4490	15
4491	5
4492	3
4493	2
4494	2
4495	3
4496	13
4497	15
4498	14
4499	3
4500	9
4501	16
4502	1
4503	19
4504	19
4505	11
4506	10
4507	18
4508	16
4509	5
4510	19
4511	17
4512	18
4513	6
4514	15
4515	19
4516	2
4517	15
4518	8
4519	18
4520	15
4521	2
4522	6
4523	14
4524	17
4525	14
4526	10
4527	16
4528	6
4529	15
4530	18
4531	17
4532	18
4533	2
4534	11
4535	1
4536	11
4537	9
4538	2
4539	2
4540	7
4541	5
4542	10
4543	19
4544	16
4545	19
4546	19
4547	5
4548	16
4549	13
4550	16
4551	2
4552	17
4553	14
4554	16
4555	19
4556	15
4557	11
4558	8
4559	1
4560	18
4561	14
4562	5
4563	2
4564	1
4565	10
4566	1
4567	14
4568	5
4569	1
4570	15
4571	19
4572	5
4573	17
4574	3
4575	10
4576	15
4577	12
4578	4
4579	2
4580	14
4581	14
4582	10
4583	17
4584	7
4585	7
4586	12
4587	15
4588	7
4589	10
4590	2
4591	16
4592	14
4593	19
4594	14
4595	5
4596	18
4597	4
4598	18
4599	18
4600	2
4601	19
4602	15
4603	18
4604	3
4605	12
4606	4
4607	11
4608	9
4609	10
4610	14
4611	10
4612	19
4613	19
4614	15
4615	16
4616	16
4617	5
4618	17
4619	15
4620	17
4621	1
4622	3
4623	16
4624	10
4625	5
4626	11
4627	10
4628	19
4629	10
4630	18
4631	19
4632	5
4633	11
4634	5
4635	18
4636	14
4637	4
4638	3
4639	11
4640	7
4641	8
4642	2
4643	14
4644	16
4645	17
4646	13
4647	1
4648	14
4649	7
4650	2
4651	8
4652	15
4653	5
4654	16
4655	12
4656	1
4657	17
4658	15
4659	13
4660	1
4661	3
4662	7
4663	12
4664	18
4665	4
4666	18
4667	17
4668	17
4669	2
4670	14
4671	11
4672	11
4673	3
4674	16
4675	10
4676	15
4677	13
4678	8
4679	9
4680	15
4681	11
4682	15
4683	7
4684	3
4685	5
4686	14
4687	8
4688	6
4689	17
4690	8
4691	18
4692	18
4693	2
4694	3
4695	8
4696	10
4697	15
4698	8
4699	16
4700	4
4701	5
4702	18
4703	7
4704	18
4705	10
4706	4
4707	10
4708	15
4709	17
4710	8
4711	4
4712	9
4713	10
4714	4
4715	14
4716	5
4717	19
4718	19
4719	17
4720	14
4721	17
4722	1
4723	17
4724	16
4725	10
4726	3
4727	9
4728	19
4729	19
4730	14
4731	18
4732	15
4733	5
4734	10
4735	15
4736	18
4737	1
4738	17
4739	10
4740	13
4741	10
4742	14
4743	2
4744	10
4745	5
4746	7
4747	2
4748	11
4749	11
4750	5
4751	17
4752	17
4753	15
4754	19
4755	4
4756	3
4757	10
4758	17
4759	16
4760	18
4761	1
4762	3
4763	11
4764	17
4765	1
4766	12
4767	18
4768	1
4769	2
4770	11
4771	12
4772	19
4773	5
4774	15
4775	19
4776	6
4777	14
4778	15
4779	2
4780	2
4781	10
4782	17
4783	16
4784	17
4785	10
4786	8
4787	16
4788	17
4789	14
4790	12
4791	4
4792	12
4793	17
4794	17
4795	17
4796	2
4797	15
4798	16
4799	18
4800	16
4801	2
4802	15
4803	7
4804	2
4805	12
4806	13
4807	6
4808	8
4809	17
4810	16
4811	18
4812	17
4813	10
4814	19
4815	16
4816	7
4817	19
4818	15
4819	14
4820	17
4821	4
4822	3
4823	18
4824	2
4825	4
4826	12
4827	9
4828	14
4829	8
4830	10
4831	11
4832	3
4833	2
4834	2
4835	19
4836	6
4837	15
4838	14
4839	3
4840	2
4841	15
4842	11
4843	17
4844	8
4845	10
4846	9
4847	17
4848	17
4849	10
4850	4
4851	7
4852	18
4853	7
4854	15
4855	15
4856	14
4857	2
4858	13
4859	3
4860	5
4861	19
4862	11
4863	2
4864	13
4865	3
4866	11
4867	18
4868	6
4869	2
4870	10
4871	1
4872	4
4873	1
4874	17
4875	7
4876	5
4877	15
4878	10
4879	16
4880	3
4881	2
4882	14
4883	2
4884	1
4885	11
4886	7
4887	9
4888	17
4889	11
4890	1
4891	4
4892	15
4893	7
4894	3
4895	1
4896	8
4897	18
4898	2
4899	11
4900	3
4901	15
4902	1
4903	19
4904	11
4905	2
4906	15
4907	10
4908	15
4909	2
4910	16
4911	17
4912	5
4913	19
4914	8
4915	17
4916	18
4917	4
4918	15
4919	13
4920	10
4921	15
4922	1
4923	16
4924	6
4925	10
4926	15
4927	1
4928	14
4929	17
4930	11
4931	14
4932	19
4933	13
4934	15
4935	3
4936	5
4937	5
4938	13
4939	10
4940	3
4941	14
4942	5
4943	4
4944	19
4945	14
4946	10
4947	14
4948	2
4949	10
4950	18
4951	14
4952	1
4953	11
4954	18
4955	12
4956	5
4957	11
4958	14
4959	10
4960	4
4961	17
4962	6
4963	14
4964	17
4965	19
4966	1
4967	10
4968	19
4969	4
4970	9
4971	8
4972	1
4973	18
4974	17
4975	15
4976	6
4977	19
4978	9
4979	2
4980	8
4981	6
4982	2
4983	8
4984	15
4985	13
4986	11
4987	3
4988	6
4989	11
4990	8
4991	14
4992	6
4993	18
4994	16
4995	3
4996	19
4997	16
4998	15
4999	2
5000	14
